11      	19      
7       	8       	2       	5       	3       	4       	9       	0       	2       	0       	1       	9       	6       	2       	1       	2       	0       	7       	3       
1       	1       	9       	0       	5       	6       	7       	7       	4       	0       	6       	4       	7       	4       	8       	5       	8       	2       	6       
0       	6       	6       	4       	6       	2       	8       	9       	6       	0       	7       	0       	1       	0       	1       	3       	7       	7       	2       
6       	4       	5       	2       	0       	2       	9       	0       	9       	9       	4       	5       	1       	0       	3       	7       	8       	8       	6       
0       	4       	6       	7       	6       	0       	9       	7       	5       	9       	7       	8       	5       	3       	3       	8       	3       	7       	9       
3       	7       	8       	7       	4       	1       	9       	0       	9       	8       	8       	5       	8       	4       	3       	7       	1       	3       	8       
0       	9       	7       	9       	9       	3       	2       	4       	3       	7       	1       	2       	2       	0       	2       	1       	7       	5       	1       
7       	4       	1       	7       	1       	1       	1       	7       	0       	4       	0       	8       	5       	1       	6       	6       	2       	1       	9       
6       	4       	8       	0       	8       	1       	0       	2       	2       	9       	7       	5       	6       	4       	6       	3       	7       	9       	7       
4       	9       	1       	7       	0       	6       	0       	8       	5       	3       	9       	4       	1       	5       	4       	1       	5       	5       	4       
9       	8       	3       	8       	5       	2       	2       	2       	7       	0       	3       	4       	6       	3       	6       	3       	3       	4       	4       
