12      	14      
5       	9       	1       	2       	8       	9       	6       	0       	6       	4       	0       	9       	4       	5       
4       	6       	6       	3       	9       	9       	5       	2       	1       	3       	0       	9       	9       	1       
3       	4       	5       	8       	5       	7       	3       	3       	8       	9       	5       	5       	3       	8       
6       	0       	3       	3       	6       	1       	8       	7       	0       	5       	1       	1       	0       	3       
0       	0       	4       	5       	4       	2       	4       	9       	9       	9       	4       	9       	8       	1       
6       	3       	9       	3       	3       	4       	6       	1       	5       	6       	1       	7       	2       	2       
9       	2       	8       	1       	2       	4       	7       	8       	6       	3       	7       	7       	2       	3       
7       	2       	5       	3       	7       	6       	8       	1       	3       	6       	4       	0       	3       	5       
8       	5       	0       	9       	9       	8       	0       	2       	4       	9       	0       	1       	2       	0       
0       	6       	3       	9       	0       	8       	3       	8       	7       	3       	1       	0       	0       	5       
0       	3       	1       	8       	0       	1       	7       	9       	1       	0       	3       	5       	9       	4       
8       	4       	6       	9       	2       	9       	0       	3       	0       	3       	3       	7       	9       	4       
