15      	15      
7       	1       	7       	0       	6       	0       	4       	1       	3       	0       	2       	9       	6       	0       	9       
3       	5       	4       	3       	6       	4       	3       	1       	9       	1       	0       	9       	4       	5       	6       
2       	5       	9       	1       	7       	7       	4       	1       	1       	9       	1       	3       	8       	7       	4       
9       	3       	1       	3       	8       	7       	9       	3       	8       	8       	4       	0       	0       	8       	6       
8       	2       	3       	8       	5       	0       	5       	9       	2       	6       	8       	5       	2       	8       	3       
6       	7       	8       	7       	2       	6       	6       	2       	9       	7       	0       	3       	7       	2       	3       
5       	1       	7       	8       	9       	4       	1       	6       	4       	3       	5       	4       	8       	7       	3       
3       	5       	0       	1       	4       	5       	7       	0       	7       	8       	9       	9       	3       	9       	4       
6       	4       	5       	5       	5       	6       	0       	6       	2       	6       	9       	9       	2       	9       	6       
5       	5       	3       	8       	6       	7       	3       	6       	0       	2       	6       	9       	3       	0       	8       
7       	6       	5       	2       	4       	0       	0       	6       	8       	5       	4       	9       	4       	6       	8       
3       	2       	3       	6       	2       	2       	4       	7       	0       	4       	9       	6       	5       	4       	6       
4       	2       	5       	1       	6       	1       	3       	7       	7       	1       	2       	1       	0       	8       	9       
0       	1       	3       	4       	8       	5       	8       	2       	2       	0       	6       	3       	6       	1       	0       
5       	7       	4       	2       	0       	0       	3       	3       	9       	0       	4       	3       	3       	4       	2       
