17      	15      
2       	8       	6       	6       	0       	0       	9       	1       	2       	6       	9       	4       	8       	2       	8       
2       	7       	8       	6       	7       	7       	0       	9       	4       	5       	4       	2       	2       	3       	9       
6       	5       	7       	4       	3       	9       	4       	4       	0       	6       	0       	2       	2       	8       	4       
3       	1       	1       	1       	9       	0       	0       	0       	2       	5       	7       	6       	9       	1       	9       
8       	7       	6       	5       	1       	1       	4       	8       	5       	7       	6       	6       	9       	1       	4       
3       	6       	7       	6       	9       	7       	6       	0       	9       	0       	7       	6       	6       	8       	7       
7       	6       	6       	5       	3       	7       	6       	9       	7       	2       	6       	4       	0       	7       	5       
4       	0       	1       	2       	8       	0       	1       	5       	2       	0       	7       	1       	6       	4       	9       
5       	3       	5       	1       	1       	0       	0       	7       	0       	8       	1       	6       	4       	1       	4       
9       	8       	6       	2       	2       	5       	2       	3       	2       	7       	3       	9       	0       	1       	5       
0       	6       	9       	7       	9       	2       	8       	9       	9       	8       	9       	3       	6       	3       	6       
0       	4       	4       	9       	6       	6       	4       	1       	9       	8       	0       	4       	9       	0       	5       
5       	0       	1       	6       	0       	2       	8       	8       	4       	9       	8       	3       	4       	4       	9       
1       	7       	5       	7       	6       	2       	4       	2       	5       	5       	0       	5       	2       	9       	7       
7       	6       	8       	1       	2       	0       	3       	2       	8       	7       	4       	6       	3       	8       	0       
4       	9       	7       	9       	7       	5       	1       	3       	7       	8       	0       	9       	5       	2       	1       
3       	2       	7       	3       	3       	2       	3       	8       	6       	1       	6       	0       	9       	1       	9       
