16      	17      
13      	14      	12      	12      	11      	9       	8       	5       	8       	5       	14      	7       	10      	9       	5       	10      	14      
9       	11      	14      	7       	7       	9       	12      	12      	10      	9       	13      	6       	7       	13      	14      	8       	11      
13      	5       	7       	6       	5       	10      	6       	6       	5       	13      	10      	5       	11      	9       	11      	7       	10      
13      	11      	7       	13      	9       	12      	7       	9       	5       	11      	7       	14      	14      	5       	13      	6       	8       
6       	6       	5       	8       	9       	5       	8       	14      	6       	14      	11      	14      	8       	8       	13      	5       	10      
11      	11      	9       	5       	5       	9       	11      	7       	11      	12      	10      	11      	14      	13      	12      	7       	13      
7       	14      	14      	11      	5       	7       	12      	11      	6       	8       	7       	6       	10      	14      	14      	6       	9       
14      	6       	5       	12      	10      	13      	12      	5       	9       	13      	5       	9       	7       	14      	11      	6       	5       
9       	7       	7       	7       	5       	10      	10      	7       	14      	5       	7       	13      	8       	13      	5       	9       	5       
14      	6       	14      	11      	7       	10      	9       	9       	14      	14      	8       	11      	5       	10      	5       	7       	14      
9       	8       	10      	6       	12      	9       	8       	6       	9       	11      	14      	9       	7       	7       	11      	9       	6       
7       	13      	13      	14      	7       	13      	13      	13      	11      	13      	8       	13      	8       	8       	8       	13      	5       
9       	12      	11      	13      	14      	5       	11      	13      	12      	14      	5       	8       	8       	8       	12      	8       	7       
11      	10      	7       	11      	10      	13      	12      	14      	11      	5       	9       	6       	5       	9       	13      	12      	5       
13      	11      	7       	9       	12      	14      	8       	14      	7       	13      	8       	5       	6       	12      	13      	14      	6       
10      	9       	14      	7       	10      	12      	9       	14      	14      	9       	10      	14      	8       	10      	12      	5       	13      
