19      	19      
8       	14      	12      	7       	10      	13      	14      	5       	7       	9       	12      	11      	10      	12      	6       	8       	8       	8       	13      
10      	6       	5       	13      	12      	11      	8       	10      	5       	13      	5       	9       	6       	6       	8       	10      	14      	8       	9       
6       	10      	5       	13      	8       	10      	11      	10      	14      	14      	5       	12      	11      	8       	12      	11      	6       	10      	5       
11      	10      	5       	13      	6       	7       	7       	11      	14      	6       	5       	9       	7       	12      	9       	5       	8       	7       	13      
5       	8       	12      	5       	5       	8       	9       	14      	7       	12      	9       	7       	10      	7       	9       	9       	8       	13      	11      
5       	13      	14      	7       	7       	8       	6       	13      	8       	9       	7       	7       	9       	10      	6       	12      	10      	12      	6       
11      	14      	13      	6       	8       	8       	8       	12      	14      	13      	11      	12      	5       	9       	13      	9       	13      	6       	11      
13      	10      	7       	6       	14      	14      	11      	5       	11      	9       	14      	14      	5       	13      	14      	8       	6       	9       	13      
14      	11      	12      	12      	8       	12      	6       	7       	7       	6       	10      	5       	14      	5       	9       	5       	6       	8       	12      
9       	6       	6       	8       	5       	8       	7       	6       	12      	10      	11      	10      	9       	7       	7       	6       	12      	7       	9       
6       	11      	10      	12      	13      	10      	14      	7       	12      	8       	11      	9       	12      	14      	12      	7       	7       	6       	11      
8       	5       	7       	6       	10      	11      	10      	5       	5       	8       	9       	11      	11      	5       	7       	10      	13      	14      	10      
5       	11      	5       	13      	8       	12      	13      	7       	6       	5       	10      	13      	10      	10      	5       	12      	8       	13      	7       
8       	5       	12      	12      	12      	11      	14      	6       	6       	14      	5       	13      	14      	13      	13      	5       	8       	12      	5       
11      	14      	7       	6       	12      	12      	14      	12      	11      	7       	12      	6       	10      	13      	13      	9       	10      	11      	10      
11      	13      	9       	13      	13      	8       	13      	12      	10      	7       	9       	10      	5       	10      	12      	8       	7       	12      	7       
6       	8       	9       	14      	9       	6       	14      	10      	12      	9       	6       	7       	7       	6       	11      	7       	5       	7       	7       
14      	12      	9       	8       	10      	11      	6       	9       	5       	8       	6       	7       	12      	12      	14      	13      	6       	5       	12      
11      	5       	6       	5       	7       	10      	6       	14      	12      	6       	8       	6       	7       	5       	11      	13      	12      	9       	14      
