14      	14      
14      	14      	6       	14      	9       	7       	5       	11      	10      	14      	10      	11      	6       	6       
9       	8       	12      	7       	12      	8       	8       	14      	7       	9       	9       	9       	14      	14      
8       	13      	8       	7       	14      	10      	9       	8       	14      	9       	14      	10      	10      	12      
8       	14      	5       	12      	7       	12      	7       	14      	5       	10      	5       	9       	6       	12      
14      	8       	11      	7       	6       	7       	10      	8       	14      	6       	13      	13      	12      	5       
10      	7       	12      	14      	6       	14      	11      	8       	11      	13      	9       	11      	11      	12      
7       	12      	9       	6       	5       	5       	11      	9       	9       	8       	12      	8       	9       	12      
7       	6       	12      	14      	10      	11      	13      	14      	10      	10      	7       	6       	10      	14      
14      	6       	11      	7       	6       	5       	10      	8       	7       	6       	14      	12      	11      	13      
7       	5       	11      	9       	8       	8       	11      	14      	5       	9       	13      	10      	6       	7       
14      	12      	8       	13      	5       	14      	7       	8       	6       	13      	12      	9       	6       	11      
8       	13      	10      	10      	5       	6       	7       	11      	9       	13      	10      	11      	7       	10      
7       	11      	14      	6       	8       	8       	6       	10      	7       	11      	14      	9       	9       	11      
5       	12      	9       	8       	12      	14      	5       	5       	7       	7       	11      	14      	5       	8       
