15      	18      
9       	10      	8       	13      	6       	6       	8       	6       	10      	13      	6       	8       	8       	14      	12      	10      	9       	9       
14      	11      	12      	7       	6       	5       	6       	8       	12      	12      	11      	8       	14      	6       	5       	9       	6       	6       
13      	11      	9       	8       	9       	12      	12      	5       	12      	9       	10      	8       	5       	12      	7       	14      	14      	8       
5       	7       	12      	14      	14      	10      	7       	5       	13      	8       	10      	14      	11      	10      	11      	8       	5       	7       
5       	12      	9       	12      	8       	5       	6       	11      	12      	10      	12      	13      	13      	14      	5       	12      	13      	5       
8       	6       	5       	8       	11      	12      	8       	7       	7       	6       	10      	8       	8       	13      	7       	13      	10      	13      
5       	13      	11      	14      	8       	8       	12      	9       	8       	12      	6       	8       	14      	11      	9       	7       	5       	7       
14      	10      	12      	9       	11      	9       	14      	6       	7       	8       	6       	13      	6       	8       	13      	14      	7       	9       
10      	6       	5       	5       	6       	8       	8       	5       	5       	5       	7       	7       	7       	9       	12      	14      	13      	10      
9       	12      	13      	11      	5       	5       	11      	9       	8       	12      	10      	13      	6       	5       	14      	8       	5       	7       
11      	9       	8       	13      	11      	12      	5       	13      	6       	14      	13      	6       	11      	9       	13      	10      	5       	6       
10      	14      	12      	5       	11      	7       	13      	14      	10      	5       	7       	12      	7       	13      	6       	12      	12      	14      
12      	14      	13      	13      	14      	13      	5       	10      	7       	5       	7       	9       	8       	12      	8       	5       	5       	6       
10      	13      	5       	5       	5       	9       	12      	10      	8       	6       	9       	7       	5       	6       	8       	5       	5       	9       
13      	7       	7       	5       	7       	9       	10      	13      	9       	5       	13      	9       	7       	10      	9       	7       	12      	10      
