15      	12      
6       	10      	5       	14      	9       	14      	11      	13      	7       	9       	11      	10      
8       	9       	12      	9       	12      	6       	9       	5       	9       	13      	8       	8       
9       	11      	6       	10      	10      	9       	11      	11      	14      	11      	12      	10      
11      	9       	8       	5       	5       	7       	10      	8       	13      	10      	5       	10      
11      	11      	12      	8       	9       	5       	13      	5       	13      	6       	10      	8       
10      	6       	6       	9       	5       	6       	6       	13      	10      	12      	13      	10      
6       	11      	5       	14      	6       	7       	9       	14      	5       	6       	9       	9       
8       	7       	10      	6       	8       	7       	11      	5       	11      	14      	11      	13      
5       	13      	11      	12      	10      	9       	9       	11      	5       	10      	10      	8       
14      	6       	10      	5       	9       	14      	11      	12      	9       	8       	5       	14      
11      	11      	5       	9       	10      	13      	7       	13      	11      	13      	10      	8       
9       	5       	6       	12      	12      	13      	5       	13      	14      	12      	13      	8       
14      	12      	7       	10      	5       	7       	9       	13      	5       	11      	7       	11      
10      	11      	11      	8       	9       	6       	12      	6       	8       	5       	13      	7       
14      	5       	6       	5       	13      	6       	11      	12      	13      	13      	7       	6       
