13      	17      
698     	647     	608     	576     	583     	646     	612     	589     	614     	706     	627     	630     	619     	652     	702     	561     	565     
853     	733     	768     	761     	708     	834     	716     	826     	739     	904     	756     	824     	679     	736     	825     	672     	734     
732     	703     	727     	649     	574     	705     	715     	654     	737     	714     	694     	697     	636     	727     	698     	622     	643     
695     	619     	608     	655     	630     	658     	610     	645     	624     	678     	560     	616     	509     	591     	667     	538     	541     
847     	740     	733     	726     	669     	816     	727     	760     	715     	760     	741     	706     	649     	797     	809     	672     	693     
829     	844     	877     	780     	686     	819     	802     	807     	744     	818     	785     	689     	662     	811     	862     	712     	726     
717     	640     	673     	651     	603     	624     	654     	639     	669     	728     	632     	692     	584     	676     	686     	492     	683     
840     	746     	784     	758     	680     	799     	778     	903     	762     	848     	723     	744     	658     	838     	921     	657     	724     
903     	781     	758     	809     	730     	801     	795     	793     	761     	908     	694     	728     	679     	850     	868     	673     	719     
927     	801     	796     	798     	757     	852     	848     	874     	824     	891     	801     	754     	683     	922     	929     	721     	785     
730     	655     	689     	635     	598     	710     	643     	644     	684     	632     	624     	631     	531     	673     	662     	567     	613     
874     	864     	890     	877     	768     	842     	850     	908     	831     	941     	773     	878     	733     	824     	922     	691     	788     
849     	813     	788     	767     	737     	841     	767     	835     	744     	856     	804     	832     	716     	793     	893     	686     	745     
