11      	19      
653     	711     	625     	636     	647     	724     	664     	653     	587     	659     	591     	690     	638     	637     	660     	683     	703     	663     	721     
771     	918     	792     	842     	864     	902     	967     	873     	898     	826     	805     	852     	814     	841     	961     	831     	754     	879     	828     
722     	769     	666     	732     	723     	737     	723     	722     	755     	717     	648     	692     	643     	700     	841     	658     	603     	619     	767     
861     	886     	778     	839     	794     	849     	834     	809     	863     	786     	771     	777     	795     	743     	896     	768     	789     	731     	881     
1015    	993     	861     	977     	970     	1039    	1012    	986     	1054    	951     	939     	1011    	932     	951     	1113    	935     	961     	960     	1078    
947     	990     	852     	1025    	919     	1015    	994     	960     	1006    	931     	886     	970     	952     	906     	1016    	894     	950     	936     	1010    
658     	673     	578     	737     	621     	687     	673     	727     	720     	718     	574     	664     	641     	632     	726     	640     	647     	656     	718     
681     	666     	526     	617     	679     	740     	727     	640     	674     	575     	656     	689     	580     	655     	682     	643     	673     	696     	752     
804     	871     	772     	873     	858     	946     	978     	850     	860     	865     	811     	857     	916     	853     	946     	866     	806     	870     	904     
766     	765     	685     	795     	816     	836     	805     	699     	743     	718     	689     	740     	745     	797     	824     	683     	707     	703     	825     
760     	824     	695     	800     	766     	852     	831     	753     	717     	713     	699     	742     	767     	765     	780     	714     	719     	764     	843     
