12      	14      
656     	659     	707     	614     	518     	571     	581     	675     	608     	661     	749     	732     	641     	692     
622     	680     	704     	609     	525     	577     	578     	679     	644     	681     	745     	689     	636     	688     
710     	741     	739     	728     	608     	728     	654     	761     	625     	726     	830     	800     	640     	786     
403     	444     	409     	435     	355     	383     	412     	462     	415     	416     	469     	430     	367     	424     
617     	634     	710     	636     	504     	580     	627     	726     	561     	657     	766     	664     	583     	736     
544     	606     	551     	531     	477     	483     	503     	585     	534     	574     	662     	599     	504     	597     
677     	720     	656     	698     	557     	616     	603     	686     	633     	714     	765     	682     	587     	736     
587     	610     	572     	563     	476     	548     	521     	572     	546     	577     	686     	628     	515     	581     
590     	522     	553     	589     	434     	515     	505     	637     	490     	565     	584     	598     	511     	542     
465     	482     	523     	542     	451     	544     	498     	568     	429     	496     	509     	518     	489     	635     
400     	548     	514     	488     	403     	483     	434     	556     	400     	512     	507     	461     	429     	599     
609     	734     	644     	694     	557     	665     	524     	701     	581     	735     	688     	679     	557     	699     
