15      	18      
563     	601     	521     	500     	488     	472     	515     	537     	517     	445     	494     	519     	462     	648     	462     	554     	567     	486     
620     	650     	560     	511     	534     	523     	581     	568     	573     	469     	566     	594     	536     	668     	522     	643     	615     	574     
685     	765     	656     	643     	583     	604     	636     	613     	634     	587     	653     	657     	571     	697     	581     	651     	589     	562     
688     	766     	653     	743     	583     	612     	705     	656     	661     	710     	703     	711     	686     	768     	750     	745     	644     	641     
710     	785     	718     	751     	652     	622     	707     	650     	668     	693     	662     	739     	634     	724     	751     	712     	561     	599     
733     	757     	720     	716     	651     	649     	672     	576     	682     	640     	655     	708     	646     	761     	695     	747     	642     	628     
723     	784     	702     	740     	707     	683     	664     	642     	689     	621     	690     	744     	625     	793     	688     	746     	644     	609     
706     	793     	665     	663     	600     	612     	678     	727     	614     	652     	686     	667     	651     	711     	689     	693     	591     	643     
812     	828     	729     	717     	702     	695     	751     	746     	719     	692     	763     	770     	648     	798     	748     	799     	676     	705     
693     	709     	694     	684     	687     	619     	638     	659     	672     	610     	677     	721     	646     	769     	634     	724     	621     	625     
797     	773     	688     	617     	607     	604     	702     	672     	660     	609     	669     	705     	586     	732     	693     	748     	676     	650     
641     	662     	626     	626     	605     	578     	588     	598     	554     	557     	588     	618     	540     	627     	619     	595     	480     	524     
593     	564     	468     	467     	438     	478     	565     	493     	499     	460     	529     	526     	453     	561     	534     	581     	541     	487     
419     	527     	473     	539     	494     	459     	409     	450     	435     	438     	451     	469     	495     	552     	419     	487     	403     	380     
528     	494     	439     	424     	400     	418     	436     	396     	423     	426     	422     	415     	426     	473     	463     	499     	421     	411     
