17      	12      
731     	657     	522     	641     	640     	629     	663     	786     	683     	751     	610     	652     
761     	645     	633     	596     	685     	594     	747     	702     	815     	819     	711     	706     
628     	555     	512     	562     	544     	526     	635     	640     	638     	628     	639     	614     
618     	485     	420     	465     	513     	489     	524     	590     	560     	559     	480     	480     
757     	713     	607     	720     	694     	730     	741     	825     	742     	845     	715     	768     
838     	841     	699     	817     	776     	694     	824     	892     	859     	866     	863     	744     
715     	730     	639     	739     	714     	678     	767     	795     	786     	833     	814     	736     
535     	472     	396     	420     	459     	403     	516     	494     	512     	517     	470     	436     
476     	369     	365     	391     	436     	455     	454     	476     	482     	503     	428     	476     
604     	523     	489     	602     	621     	625     	592     	685     	669     	690     	631     	604     
926     	892     	785     	814     	831     	787     	926     	932     	937     	965     	860     	892     
714     	632     	578     	596     	569     	562     	656     	729     	661     	698     	590     	664     
720     	617     	529     	606     	617     	656     	687     	781     	675     	733     	630     	688     
666     	605     	589     	568     	619     	524     	675     	625     	684     	645     	626     	593     
587     	634     	545     	640     	614     	627     	634     	668     	601     	630     	653     	608     
747     	689     	665     	688     	683     	674     	731     	754     	790     	790     	717     	741     
637     	600     	482     	551     	555     	511     	623     	660     	613     	699     	583     	591     
